speed_of_light = 299792458
proton_mass = 1.67262178e-27
R = 8.3144621
mol = 6.02214129e23

kb = 1.38e-23
